>TATCAATTTC	1-TATCAATTTC	6.492513	-16.765091	0	T:7.0(8.33%),B:27.3(0.40%),P:1e-7	Tpos:25.7,Tstd:10.7,Bpos:24.6,Bstd:11.5,StrandBias:10.0,Multiplicity:1.00
0.001	0.001	0.001	0.997
0.997	0.001	0.001	0.001
0.001	0.001	0.001	0.997
0.001	0.974	0.001	0.024
0.997	0.001	0.001	0.001
0.997	0.001	0.001	0.001
0.001	0.181	0.001	0.817
0.001	0.001	0.001	0.997
0.001	0.001	0.001	0.997
0.211	0.787	0.001	0.001
>TGGGGRGARA	2-TGGGGRGARA	5.106023	-11.165311	0	T:18.0(21.43%),B:471.9(6.91%),P:1e-4	Tpos:21.5,Tstd:13.8,Bpos:25.0,Bstd:22.0,StrandBias:10.0,Multiplicity:1.06
0.281	0.001	0.001	0.717
0.079	0.001	0.919	0.001
0.089	0.001	0.909	0.001
0.001	0.001	0.997	0.001
0.001	0.001	0.966	0.032
0.416	0.001	0.550	0.033
0.001	0.001	0.968	0.030
0.915	0.001	0.001	0.083
0.560	0.001	0.438	0.001
0.997	0.001	0.001	0.001
>TATATTTAAT	3-TATATTTAAT	9.279843	-10.935853	0	T:12.0(14.29%),B:222.5(3.26%),P:1e-4	Tpos:18.5,Tstd:7.5,Bpos:25.4,Bstd:13.6,StrandBias:10.0,Multiplicity:1.08
0.060	0.098	0.001	0.841
0.646	0.098	0.001	0.255
0.097	0.001	0.001	0.901
0.943	0.001	0.055	0.001
0.109	0.001	0.001	0.889
0.179	0.001	0.091	0.729
0.201	0.001	0.040	0.758
0.860	0.001	0.001	0.138
0.611	0.250	0.001	0.138
0.044	0.001	0.101	0.854
>AATTGAAAAA	4-AATTGAAAAA	11.596433	-9.138857	0	T:10.0(11.90%),B:188.3(2.76%),P:1e-3	Tpos:21.7,Tstd:10.6,Bpos:26.2,Bstd:16.3,StrandBias:10.0,Multiplicity:1.00
0.605	0.001	0.393	0.001
0.581	0.001	0.417	0.001
0.052	0.001	0.001	0.946
0.019	0.001	0.053	0.927
0.084	0.001	0.799	0.116
0.727	0.136	0.001	0.136
0.849	0.001	0.149	0.001
0.883	0.001	0.001	0.115
0.862	0.001	0.001	0.136
0.896	0.001	0.102	0.001
>TTWRAAAATT	5-TTWRAAAATT	9.491430	-6.272726	0	T:12.0(14.29%),B:370.6(5.43%),P:1e-2	Tpos:28.8,Tstd:11.1,Bpos:27.5,Bstd:14.0,StrandBias:10.0,Multiplicity:1.08
0.001	0.001	0.067	0.931
0.001	0.001	0.387	0.611
0.388	0.001	0.173	0.438
0.435	0.001	0.347	0.217
0.652	0.001	0.001	0.346
0.997	0.001	0.001	0.001
0.997	0.001	0.001	0.001
0.588	0.001	0.001	0.410
0.148	0.001	0.001	0.850
0.148	0.001	0.001	0.850
>ATMACT	1-ATMACT	5.708423	-8.814075	0	T:20.0(23.81%),B:671.4(9.83%),P:1e-3	Tpos:24.8,Tstd:13.5,Bpos:26.6,Bstd:16.6,StrandBias:10.0,Multiplicity:1.17
0.759	0.001	0.001	0.239
0.001	0.001	0.001	0.997
0.455	0.340	0.204	0.001
0.997	0.001	0.001	0.001
0.001	0.783	0.001	0.215
0.001	0.001	0.001	0.997
>AATTAG	2-AATTAG	5.899434	-6.081996	0	T:21.0(25.00%),B:893.3(13.08%),P:1e-2	Tpos:25.8,Tstd:12.9,Bpos:27.1,Bstd:18.6,StrandBias:10.0,Multiplicity:1.57
0.847	0.001	0.151	0.001
0.997	0.001	0.001	0.001
0.001	0.001	0.001	0.997
0.001	0.001	0.001	0.997
0.597	0.001	0.001	0.401
0.001	0.001	0.997	0.001
>TTGACA	3-TTGACA	6.368427	-5.981674	0	T:15.0(17.86%),B:545.0(7.98%),P:1e-2	Tpos:19.9,Tstd:12.2,Bpos:24.8,Bstd:17.5,StrandBias:10.0,Multiplicity:1.60
0.001	0.001	0.001	0.997
0.305	0.001	0.001	0.693
0.315	0.001	0.683	0.001
0.850	0.148	0.001	0.001
0.356	0.642	0.001	0.001
0.997	0.001	0.001	0.001
>TATACA	4-TATACA	5.020942	-4.953064	0	T:20.0(23.81%),B:918.8(13.45%),P:1e-2	Tpos:26.5,Tstd:12.1,Bpos:26.8,Bstd:16.7,StrandBias:10.0,Multiplicity:1.05
0.001	0.001	0.178	0.820
0.997	0.001	0.001	0.001
0.001	0.171	0.162	0.666
0.997	0.001	0.001	0.001
0.001	0.814	0.089	0.096
0.710	0.001	0.001	0.288
>GAGCTA	5-GAGCTA	6.177716	-3.717245	0	T:1.0(1.19%),B:3.0(0.04%),P:1e-1	Tpos:11.0,Tstd:0.0,Bpos:33.4,Bstd:12.1,StrandBias:10.0,Multiplicity:1.00
0.100	0.100	0.700	0.100
0.700	0.100	0.100	0.100
0.100	0.100	0.700	0.100
0.100	0.700	0.100	0.100
0.100	0.100	0.100	0.700
0.700	0.100	0.100	0.100
>TAAATTAG	1-TAAATTAG	8.162691	-14.638514	0	T:21.0(25.00%),B:496.6(7.27%),P:1e-6	Tpos:29.4,Tstd:11.3,Bpos:27.7,Bstd:18.1,StrandBias:10.0,Multiplicity:1.10
0.001	0.001	0.001	0.997
0.997	0.001	0.001	0.001
0.797	0.001	0.201	0.001
0.621	0.001	0.001	0.377
0.001	0.001	0.001	0.997
0.001	0.001	0.001	0.997
0.997	0.001	0.001	0.001
0.001	0.001	0.717	0.281
>RACATAAG	2-RACATAAG	6.561928	-9.941236	0	T:8.0(9.52%),B:105.9(1.55%),P:1e-4	Tpos:24.6,Tstd:11.3,Bpos:21.7,Bstd:19.3,StrandBias:10.0,Multiplicity:1.12
0.463	0.001	0.535	0.001
0.853	0.001	0.145	0.001
0.096	0.814	0.001	0.089
0.755	0.001	0.001	0.243
0.247	0.001	0.119	0.633
0.843	0.155	0.001	0.001
0.874	0.001	0.001	0.124
0.001	0.243	0.755	0.001
>TTTRAAAA	3-TTTRAAAA	6.687524	-8.496994	0	T:20.0(23.81%),B:687.9(10.07%),P:1e-3	Tpos:26.8,Tstd:14.5,Bpos:27.5,Bstd:16.8,StrandBias:10.0,Multiplicity:1.80
0.052	0.001	0.073	0.874
0.058	0.036	0.122	0.784
0.081	0.012	0.266	0.641
0.390	0.001	0.423	0.186
0.882	0.028	0.017	0.073
0.788	0.033	0.050	0.129
0.801	0.101	0.001	0.097
0.825	0.055	0.044	0.076
>TTTTACCA	4-TTTTACCA	8.236954	-3.717245	0	T:1.0(1.19%),B:3.0(0.04%),P:1e-1	Tpos:30.0,Tstd:0.0,Bpos:21.3,Bstd:6.8,StrandBias:10.0,Multiplicity:1.00
0.100	0.100	0.100	0.700
0.100	0.100	0.100	0.700
0.100	0.100	0.100	0.700
0.100	0.100	0.100	0.700
0.700	0.100	0.100	0.100
0.100	0.700	0.100	0.100
0.100	0.700	0.100	0.100
0.700	0.100	0.100	0.100
>GGGGGGAA	5-GGGGGGAA	6.186977	-3.007854	0	T:10.0(11.90%),B:450.4(6.59%),P:1e-1	Tpos:26.9,Tstd:15.5,Bpos:24.5,Bstd:24.9,StrandBias:10.0,Multiplicity:1.40
0.168	0.001	0.705	0.126
0.128	0.001	0.870	0.001
0.076	0.001	0.794	0.129
0.208	0.001	0.790	0.001
0.015	0.001	0.916	0.068
0.282	0.001	0.677	0.040
0.563	0.001	0.268	0.168
0.777	0.146	0.001	0.076
