>TATCAATTTC	1-TATCAATTTC	6.492513	-16.765091	0	T:7.0(8.33%),B:27.3(0.40%),P:1e-7	Tpos:25.7,Tstd:10.7,Bpos:24.6,Bstd:11.5,StrandBias:10.0,Multiplicity:1.00
0.001	0.001	0.001	0.997
0.997	0.001	0.001	0.001
0.001	0.001	0.001	0.997
0.001	0.974	0.001	0.024
0.997	0.001	0.001	0.001
0.997	0.001	0.001	0.001
0.001	0.181	0.001	0.817
0.001	0.001	0.001	0.997
0.001	0.001	0.001	0.997
0.211	0.787	0.001	0.001
>TGGGGRGARA	2-TGGGGRGARA	5.106023	-11.165311	0	T:18.0(21.43%),B:471.9(6.91%),P:1e-4	Tpos:21.5,Tstd:13.8,Bpos:25.0,Bstd:22.0,StrandBias:10.0,Multiplicity:1.06
0.281	0.001	0.001	0.717
0.079	0.001	0.919	0.001
0.089	0.001	0.909	0.001
0.001	0.001	0.997	0.001
0.001	0.001	0.966	0.032
0.416	0.001	0.550	0.033
0.001	0.001	0.968	0.030
0.915	0.001	0.001	0.083
0.560	0.001	0.438	0.001
0.997	0.001	0.001	0.001
>TATATTTAAT	3-TATATTTAAT	9.279843	-10.935853	0	T:12.0(14.29%),B:222.5(3.26%),P:1e-4	Tpos:18.5,Tstd:7.5,Bpos:25.4,Bstd:13.6,StrandBias:10.0,Multiplicity:1.08
0.060	0.098	0.001	0.841
0.646	0.098	0.001	0.255
0.097	0.001	0.001	0.901
0.943	0.001	0.055	0.001
0.109	0.001	0.001	0.889
0.179	0.001	0.091	0.729
0.201	0.001	0.040	0.758
0.860	0.001	0.001	0.138
0.611	0.250	0.001	0.138
0.044	0.001	0.101	0.854
>AATTGAAAAA	4-AATTGAAAAA	11.596433	-9.138857	0	T:10.0(11.90%),B:188.3(2.76%),P:1e-3	Tpos:21.7,Tstd:10.6,Bpos:26.2,Bstd:16.3,StrandBias:10.0,Multiplicity:1.00
0.605	0.001	0.393	0.001
0.581	0.001	0.417	0.001
0.052	0.001	0.001	0.946
0.019	0.001	0.053	0.927
0.084	0.001	0.799	0.116
0.727	0.136	0.001	0.136
0.849	0.001	0.149	0.001
0.883	0.001	0.001	0.115
0.862	0.001	0.001	0.136
0.896	0.001	0.102	0.001
>TTWRAAAATT	5-TTWRAAAATT	9.491430	-6.272726	0	T:12.0(14.29%),B:370.6(5.43%),P:1e-2	Tpos:28.8,Tstd:11.1,Bpos:27.5,Bstd:14.0,StrandBias:10.0,Multiplicity:1.08
0.001	0.001	0.067	0.931
0.001	0.001	0.387	0.611
0.388	0.001	0.173	0.438
0.435	0.001	0.347	0.217
0.652	0.001	0.001	0.346
0.997	0.001	0.001	0.001
0.997	0.001	0.001	0.001
0.588	0.001	0.001	0.410
0.148	0.001	0.001	0.850
0.148	0.001	0.001	0.850
