>TAAATTAG	1-TAAATTAG	8.162691	-14.638514	0	T:21.0(25.00%),B:496.6(7.27%),P:1e-6	Tpos:29.4,Tstd:11.3,Bpos:27.7,Bstd:18.1,StrandBias:10.0,Multiplicity:1.10
0.001	0.001	0.001	0.997
0.997	0.001	0.001	0.001
0.797	0.001	0.201	0.001
0.621	0.001	0.001	0.377
0.001	0.001	0.001	0.997
0.001	0.001	0.001	0.997
0.997	0.001	0.001	0.001
0.001	0.001	0.717	0.281
>RACATAAG	2-RACATAAG	6.561928	-9.941236	0	T:8.0(9.52%),B:105.9(1.55%),P:1e-4	Tpos:24.6,Tstd:11.3,Bpos:21.7,Bstd:19.3,StrandBias:10.0,Multiplicity:1.12
0.463	0.001	0.535	0.001
0.853	0.001	0.145	0.001
0.096	0.814	0.001	0.089
0.755	0.001	0.001	0.243
0.247	0.001	0.119	0.633
0.843	0.155	0.001	0.001
0.874	0.001	0.001	0.124
0.001	0.243	0.755	0.001
>TTTRAAAA	3-TTTRAAAA	6.687524	-8.496994	0	T:20.0(23.81%),B:687.9(10.07%),P:1e-3	Tpos:26.8,Tstd:14.5,Bpos:27.5,Bstd:16.8,StrandBias:10.0,Multiplicity:1.80
0.052	0.001	0.073	0.874
0.058	0.036	0.122	0.784
0.081	0.012	0.266	0.641
0.390	0.001	0.423	0.186
0.882	0.028	0.017	0.073
0.788	0.033	0.050	0.129
0.801	0.101	0.001	0.097
0.825	0.055	0.044	0.076
>TTTTACCA	4-TTTTACCA	8.236954	-3.717245	0	T:1.0(1.19%),B:3.0(0.04%),P:1e-1	Tpos:30.0,Tstd:0.0,Bpos:21.3,Bstd:6.8,StrandBias:10.0,Multiplicity:1.00
0.100	0.100	0.100	0.700
0.100	0.100	0.100	0.700
0.100	0.100	0.100	0.700
0.100	0.100	0.100	0.700
0.700	0.100	0.100	0.100
0.100	0.700	0.100	0.100
0.100	0.700	0.100	0.100
0.700	0.100	0.100	0.100
>GGGGGGAA	5-GGGGGGAA	6.186977	-3.007854	0	T:10.0(11.90%),B:450.4(6.59%),P:1e-1	Tpos:26.9,Tstd:15.5,Bpos:24.5,Bstd:24.9,StrandBias:10.0,Multiplicity:1.40
0.168	0.001	0.705	0.126
0.128	0.001	0.870	0.001
0.076	0.001	0.794	0.129
0.208	0.001	0.790	0.001
0.015	0.001	0.916	0.068
0.282	0.001	0.677	0.040
0.563	0.001	0.268	0.168
0.777	0.146	0.001	0.076
