>ATAATTTATA	1-ATAATTTATA	8.832804	-13.155397	0	T:13.0(23.64%),B:333.4(4.90%),P:1e-5	Tpos:19.9,Tstd:8.8,Bpos:26.9,Bstd:18.7,StrandBias:10.0,Multiplicity:1.15
0.770	0.001	0.052	0.177
0.090	0.194	0.001	0.715
0.891	0.001	0.030	0.078
0.912	0.001	0.058	0.029
0.104	0.001	0.084	0.811
0.116	0.001	0.001	0.882
0.063	0.133	0.054	0.750
0.656	0.001	0.065	0.278
0.179	0.001	0.037	0.783
0.855	0.001	0.106	0.038
>AGGABATAAG	2-AGGABATAAG	8.962189	-10.554538	0	T:10.0(18.18%),B:247.9(3.65%),P:1e-4	Tpos:24.0,Tstd:11.9,Bpos:23.5,Bstd:23.3,StrandBias:10.0,Multiplicity:1.00
0.997	0.001	0.001	0.001
0.375	0.001	0.623	0.001
0.265	0.001	0.733	0.001
0.997	0.001	0.001	0.001
0.129	0.366	0.258	0.247
0.997	0.001	0.001	0.001
0.127	0.001	0.173	0.699
0.997	0.001	0.001	0.001
0.733	0.001	0.001	0.265
0.001	0.001	0.997	0.001
>TGTAAATAAT	3-TGTAAATAAT	9.767389	-9.518192	0	T:9.0(16.36%),B:224.9(3.31%),P:1e-4	Tpos:30.4,Tstd:16.7,Bpos:30.4,Bstd:18.2,StrandBias:10.0,Multiplicity:1.00
0.001	0.001	0.001	0.997
0.001	0.001	0.997	0.001
0.001	0.354	0.001	0.644
0.997	0.001	0.001	0.001
0.602	0.001	0.396	0.001
0.997	0.001	0.001	0.001
0.247	0.001	0.001	0.751
0.997	0.001	0.001	0.001
0.997	0.001	0.001	0.001
0.001	0.177	0.001	0.821
>TGWAAAWTWG	4-TGWAAAWTWG	8.263993	-8.381070	0	T:12.0(21.82%),B:454.6(6.68%),P:1e-3	Tpos:25.6,Tstd:12.5,Bpos:27.0,Bstd:20.4,StrandBias:10.0,Multiplicity:1.67
0.103	0.001	0.320	0.576
0.235	0.001	0.489	0.274
0.453	0.001	0.079	0.467
0.796	0.001	0.120	0.083
0.814	0.046	0.001	0.139
0.865	0.001	0.030	0.104
0.424	0.001	0.046	0.529
0.340	0.001	0.046	0.613
0.428	0.001	0.003	0.568
0.092	0.122	0.607	0.179
>TATTTATATA	5-TATTTATATA	10.296193	-1.900048	0	T:1.0(1.82%),B:20.4(0.30%),P:1e0	Tpos:16.0,Tstd:0.0,Bpos:25.0,Bstd:7.3,StrandBias:10.0,Multiplicity:1.00
0.100	0.100	0.100	0.700
0.700	0.100	0.100	0.100
0.100	0.100	0.100	0.700
0.100	0.100	0.100	0.700
0.100	0.100	0.100	0.700
0.700	0.100	0.100	0.100
0.100	0.100	0.100	0.700
0.700	0.100	0.100	0.100
0.100	0.100	0.100	0.700
0.700	0.100	0.100	0.100
