>ATAATTTATA	1-ATAATTTATA	8.832804	-13.155397	0	T:13.0(23.64%),B:333.4(4.90%),P:1e-5	Tpos:19.9,Tstd:8.8,Bpos:26.9,Bstd:18.7,StrandBias:10.0,Multiplicity:1.15
0.770	0.001	0.052	0.177
0.090	0.194	0.001	0.715
0.891	0.001	0.030	0.078
0.912	0.001	0.058	0.029
0.104	0.001	0.084	0.811
0.116	0.001	0.001	0.882
0.063	0.133	0.054	0.750
0.656	0.001	0.065	0.278
0.179	0.001	0.037	0.783
0.855	0.001	0.106	0.038
>AGGABATAAG	2-AGGABATAAG	8.962189	-10.554538	0	T:10.0(18.18%),B:247.9(3.65%),P:1e-4	Tpos:24.0,Tstd:11.9,Bpos:23.5,Bstd:23.3,StrandBias:10.0,Multiplicity:1.00
0.997	0.001	0.001	0.001
0.375	0.001	0.623	0.001
0.265	0.001	0.733	0.001
0.997	0.001	0.001	0.001
0.129	0.366	0.258	0.247
0.997	0.001	0.001	0.001
0.127	0.001	0.173	0.699
0.997	0.001	0.001	0.001
0.733	0.001	0.001	0.265
0.001	0.001	0.997	0.001
>TGTAAATAAT	3-TGTAAATAAT	9.767389	-9.518192	0	T:9.0(16.36%),B:224.9(3.31%),P:1e-4	Tpos:30.4,Tstd:16.7,Bpos:30.4,Bstd:18.2,StrandBias:10.0,Multiplicity:1.00
0.001	0.001	0.001	0.997
0.001	0.001	0.997	0.001
0.001	0.354	0.001	0.644
0.997	0.001	0.001	0.001
0.602	0.001	0.396	0.001
0.997	0.001	0.001	0.001
0.247	0.001	0.001	0.751
0.997	0.001	0.001	0.001
0.997	0.001	0.001	0.001
0.001	0.177	0.001	0.821
>TGWAAAWTWG	4-TGWAAAWTWG	8.263993	-8.381070	0	T:12.0(21.82%),B:454.6(6.68%),P:1e-3	Tpos:25.6,Tstd:12.5,Bpos:27.0,Bstd:20.4,StrandBias:10.0,Multiplicity:1.67
0.103	0.001	0.320	0.576
0.235	0.001	0.489	0.274
0.453	0.001	0.079	0.467
0.796	0.001	0.120	0.083
0.814	0.046	0.001	0.139
0.865	0.001	0.030	0.104
0.424	0.001	0.046	0.529
0.340	0.001	0.046	0.613
0.428	0.001	0.003	0.568
0.092	0.122	0.607	0.179
>TATTTATATA	5-TATTTATATA	10.296193	-1.900048	0	T:1.0(1.82%),B:20.4(0.30%),P:1e0	Tpos:16.0,Tstd:0.0,Bpos:25.0,Bstd:7.3,StrandBias:10.0,Multiplicity:1.00
0.100	0.100	0.100	0.700
0.700	0.100	0.100	0.100
0.100	0.100	0.100	0.700
0.100	0.100	0.100	0.700
0.100	0.100	0.100	0.700
0.700	0.100	0.100	0.100
0.100	0.100	0.100	0.700
0.700	0.100	0.100	0.100
0.100	0.100	0.100	0.700
0.700	0.100	0.100	0.100
>AGTTTV	1-AGTTTV	5.066148	-11.737512	0	T:31.0(56.36%),B:1890.0(27.79%),P:1e-5	Tpos:25.2,Tstd:11.7,Bpos:26.0,Bstd:21.1,StrandBias:10.0,Multiplicity:1.39
0.976	0.001	0.022	0.001
0.200	0.001	0.798	0.001
0.001	0.001	0.240	0.758
0.001	0.001	0.182	0.816
0.029	0.046	0.001	0.924
0.373	0.233	0.347	0.047
>TTGAMA	2-TTGAMA	4.423137	-7.817780	0	T:16.0(29.09%),B:795.5(11.70%),P:1e-3	Tpos:20.5,Tstd:12.4,Bpos:25.4,Bstd:21.7,StrandBias:10.0,Multiplicity:1.56
0.001	0.001	0.001	0.997
0.001	0.001	0.001	0.997
0.001	0.001	0.997	0.001
0.955	0.043	0.001	0.001
0.479	0.519	0.001	0.001
0.997	0.001	0.001	0.001
>GCTCTG	3-GCTCTG	6.177716	-4.821313	0	T:1.0(1.82%),B:1.0(0.01%),P:1e-2	Tpos:3.0,Tstd:0.0,Bpos:20.6,Bstd:6.1,StrandBias:10.0,Multiplicity:1.00
0.100	0.100	0.700	0.100
0.100	0.700	0.100	0.100
0.100	0.100	0.100	0.700
0.100	0.700	0.100	0.100
0.100	0.100	0.100	0.700
0.100	0.100	0.700	0.100
>TTACGG	4-TTACGG	6.177716	-4.132129	0	T:1.0(1.82%),B:2.8(0.04%),P:1e-1	Tpos:20.0,Tstd:0.0,Bpos:21.5,Bstd:7.8,StrandBias:10.0,Multiplicity:1.00
0.100	0.100	0.100	0.700
0.100	0.100	0.100	0.700
0.700	0.100	0.100	0.100
0.100	0.700	0.100	0.100
0.100	0.100	0.700	0.100
0.100	0.100	0.700	0.100
>CGGGGA	5-CGGGGA	6.177716	-4.132129	0	T:1.0(1.82%),B:2.8(0.04%),P:1e-1	Tpos:12.0,Tstd:0.0,Bpos:30.4,Bstd:6.3,StrandBias:10.0,Multiplicity:1.00
0.100	0.700	0.100	0.100
0.100	0.100	0.700	0.100
0.100	0.100	0.700	0.100
0.100	0.100	0.700	0.100
0.100	0.100	0.700	0.100
0.700	0.100	0.100	0.100
>GTTTAACT	1-GTTTAACT	8.743396	-10.468168	0	T:9.0(16.36%),B:198.2(2.91%),P:1e-4	Tpos:34.4,Tstd:8.3,Bpos:29.5,Bstd:18.3,StrandBias:10.0,Multiplicity:1.00
0.001	0.001	0.997	0.001
0.001	0.001	0.001	0.997
0.001	0.001	0.001	0.997
0.001	0.001	0.001	0.997
0.997	0.001	0.001	0.001
0.818	0.001	0.180	0.001
0.001	0.689	0.001	0.309
0.215	0.001	0.001	0.783
>TTTGAAAT	2-TTTGAAAT	6.794801	-10.263039	0	T:16.0(29.09%),B:646.8(9.51%),P:1e-4	Tpos:30.2,Tstd:13.4,Bpos:29.1,Bstd:19.4,StrandBias:10.0,Multiplicity:1.38
0.044	0.001	0.033	0.922
0.001	0.001	0.001	0.997
0.001	0.001	0.001	0.997
0.001	0.277	0.721	0.001
0.948	0.001	0.001	0.050
0.997	0.001	0.001	0.001
0.997	0.001	0.001	0.001
0.415	0.001	0.001	0.583
>TATATATR	3-TATATATR	8.504296	-6.750977	0	T:9.0(16.36%),B:327.5(4.82%),P:1e-2	Tpos:24.4,Tstd:8.5,Bpos:27.3,Bstd:18.7,StrandBias:10.0,Multiplicity:1.00
0.001	0.001	0.241	0.757
0.722	0.001	0.006	0.271
0.001	0.083	0.001	0.915
0.970	0.001	0.028	0.001
0.034	0.001	0.001	0.964
0.974	0.001	0.001	0.024
0.001	0.001	0.019	0.979
0.450	0.001	0.548	0.001
>TTTAAAAA	4-TTTAAAAA	8.706252	-5.412060	0	T:13.0(23.64%),B:725.4(10.67%),P:1e-2	Tpos:18.3,Tstd:10.8,Bpos:25.7,Bstd:21.7,StrandBias:10.0,Multiplicity:1.69
0.001	0.001	0.152	0.846
0.144	0.001	0.332	0.523
0.152	0.001	0.310	0.537
0.997	0.001	0.001	0.001
0.997	0.001	0.001	0.001
0.854	0.001	0.001	0.144
0.997	0.001	0.001	0.001
0.794	0.001	0.001	0.204
>TTTTACCA	5-TTTTACCA	8.236954	-4.132129	0	T:1.0(1.82%),B:2.5(0.04%),P:1e-1	Tpos:30.0,Tstd:0.0,Bpos:22.0,Bstd:5.8,StrandBias:10.0,Multiplicity:1.00
0.100	0.100	0.100	0.700
0.100	0.100	0.100	0.700
0.100	0.100	0.100	0.700
0.100	0.100	0.100	0.700
0.700	0.100	0.100	0.100
0.100	0.700	0.100	0.100
0.100	0.700	0.100	0.100
0.700	0.100	0.100	0.100
