>GTTTAACT	1-GTTTAACT	8.743396	-10.468168	0	T:9.0(16.36%),B:198.2(2.91%),P:1e-4	Tpos:34.4,Tstd:8.3,Bpos:29.5,Bstd:18.3,StrandBias:10.0,Multiplicity:1.00
0.001	0.001	0.997	0.001
0.001	0.001	0.001	0.997
0.001	0.001	0.001	0.997
0.001	0.001	0.001	0.997
0.997	0.001	0.001	0.001
0.818	0.001	0.180	0.001
0.001	0.689	0.001	0.309
0.215	0.001	0.001	0.783
>TTTGAAAT	2-TTTGAAAT	6.794801	-10.263039	0	T:16.0(29.09%),B:646.8(9.51%),P:1e-4	Tpos:30.2,Tstd:13.4,Bpos:29.1,Bstd:19.4,StrandBias:10.0,Multiplicity:1.38
0.044	0.001	0.033	0.922
0.001	0.001	0.001	0.997
0.001	0.001	0.001	0.997
0.001	0.277	0.721	0.001
0.948	0.001	0.001	0.050
0.997	0.001	0.001	0.001
0.997	0.001	0.001	0.001
0.415	0.001	0.001	0.583
>TATATATR	3-TATATATR	8.504296	-6.750977	0	T:9.0(16.36%),B:327.5(4.82%),P:1e-2	Tpos:24.4,Tstd:8.5,Bpos:27.3,Bstd:18.7,StrandBias:10.0,Multiplicity:1.00
0.001	0.001	0.241	0.757
0.722	0.001	0.006	0.271
0.001	0.083	0.001	0.915
0.970	0.001	0.028	0.001
0.034	0.001	0.001	0.964
0.974	0.001	0.001	0.024
0.001	0.001	0.019	0.979
0.450	0.001	0.548	0.001
>TTTAAAAA	4-TTTAAAAA	8.706252	-5.412060	0	T:13.0(23.64%),B:725.4(10.67%),P:1e-2	Tpos:18.3,Tstd:10.8,Bpos:25.7,Bstd:21.7,StrandBias:10.0,Multiplicity:1.69
0.001	0.001	0.152	0.846
0.144	0.001	0.332	0.523
0.152	0.001	0.310	0.537
0.997	0.001	0.001	0.001
0.997	0.001	0.001	0.001
0.854	0.001	0.001	0.144
0.997	0.001	0.001	0.001
0.794	0.001	0.001	0.204
>TTTTACCA	5-TTTTACCA	8.236954	-4.132129	0	T:1.0(1.82%),B:2.5(0.04%),P:1e-1	Tpos:30.0,Tstd:0.0,Bpos:22.0,Bstd:5.8,StrandBias:10.0,Multiplicity:1.00
0.100	0.100	0.100	0.700
0.100	0.100	0.100	0.700
0.100	0.100	0.100	0.700
0.100	0.100	0.100	0.700
0.700	0.100	0.100	0.100
0.100	0.700	0.100	0.100
0.100	0.700	0.100	0.100
0.700	0.100	0.100	0.100
