>GTGKAGAAAA	1-GTGKAGAAAA	5.539766	-12.739617	0	T:17.0(23.61%),B:423.0(6.54%),P:1e-5	Tpos:22.4,Tstd:11.1,Bpos:25.8,Bstd:19.9,StrandBias:10.0,Multiplicity:1.06
0.001	0.001	0.997	0.001
0.001	0.276	0.166	0.557
0.250	0.001	0.478	0.271
0.037	0.242	0.427	0.294
0.844	0.001	0.138	0.017
0.001	0.001	0.997	0.001
0.997	0.001	0.001	0.001
0.809	0.001	0.146	0.044
0.766	0.001	0.001	0.232
0.997	0.001	0.001	0.001
>AATTAAKARG	2-AATTAAKARG	7.079407	-12.684433	0	T:14.0(19.44%),B:288.3(4.45%),P:1e-5	Tpos:20.4,Tstd:13.4,Bpos:24.4,Bstd:17.0,StrandBias:10.0,Multiplicity:1.00
0.997	0.001	0.001	0.001
0.808	0.001	0.001	0.190
0.001	0.001	0.216	0.782
0.216	0.001	0.001	0.782
0.957	0.001	0.041	0.001
0.808	0.001	0.190	0.001
0.001	0.001	0.571	0.427
0.997	0.001	0.001	0.001
0.571	0.001	0.427	0.001
0.001	0.001	0.946	0.052
>WTTWAAAAAT	3-WTTWAAAAAT	7.772255	-4.560818	0	T:17.0(23.61%),B:847.5(13.10%),P:1e-1	Tpos:31.0,Tstd:12.9,Bpos:27.1,Bstd:14.6,StrandBias:10.0,Multiplicity:1.65
0.443	0.001	0.256	0.300
0.131	0.001	0.290	0.578
0.051	0.001	0.209	0.739
0.414	0.034	0.110	0.442
0.601	0.004	0.363	0.032
0.632	0.001	0.137	0.230
0.919	0.001	0.055	0.025
0.980	0.001	0.001	0.018
0.566	0.001	0.061	0.372
0.210	0.064	0.090	0.636
>AACATTTTTA	4-AACATTTTTA	10.296193	-3.816226	0	T:1.0(1.39%),B:2.3(0.04%),P:1e-1	Tpos:5.0,Tstd:0.0,Bpos:27.9,Bstd:6.0,StrandBias:10.0,Multiplicity:1.00
0.700	0.100	0.100	0.100
0.700	0.100	0.100	0.100
0.100	0.700	0.100	0.100
0.700	0.100	0.100	0.100
0.100	0.100	0.100	0.700
0.100	0.100	0.100	0.700
0.100	0.100	0.100	0.700
0.100	0.100	0.100	0.700
0.100	0.100	0.100	0.700
0.700	0.100	0.100	0.100
>AGGCATAGTT	5-AGGCATAGTT	10.296193	-3.816226	0	T:1.0(1.39%),B:2.6(0.04%),P:1e-1	Tpos:23.0,Tstd:0.0,Bpos:24.8,Bstd:7.6,StrandBias:10.0,Multiplicity:1.00
0.700	0.100	0.100	0.100
0.100	0.100	0.700	0.100
0.100	0.100	0.700	0.100
0.100	0.700	0.100	0.100
0.700	0.100	0.100	0.100
0.100	0.100	0.100	0.700
0.700	0.100	0.100	0.100
0.100	0.100	0.700	0.100
0.100	0.100	0.100	0.700
0.100	0.100	0.100	0.700
