>GTGKAGAAAA	1-GTGKAGAAAA	5.539766	-12.739617	0	T:17.0(23.61%),B:423.0(6.54%),P:1e-5	Tpos:22.4,Tstd:11.1,Bpos:25.8,Bstd:19.9,StrandBias:10.0,Multiplicity:1.06
0.001	0.001	0.997	0.001
0.001	0.276	0.166	0.557
0.250	0.001	0.478	0.271
0.037	0.242	0.427	0.294
0.844	0.001	0.138	0.017
0.001	0.001	0.997	0.001
0.997	0.001	0.001	0.001
0.809	0.001	0.146	0.044
0.766	0.001	0.001	0.232
0.997	0.001	0.001	0.001
>AATTAAKARG	2-AATTAAKARG	7.079407	-12.684433	0	T:14.0(19.44%),B:288.3(4.45%),P:1e-5	Tpos:20.4,Tstd:13.4,Bpos:24.4,Bstd:17.0,StrandBias:10.0,Multiplicity:1.00
0.997	0.001	0.001	0.001
0.808	0.001	0.001	0.190
0.001	0.001	0.216	0.782
0.216	0.001	0.001	0.782
0.957	0.001	0.041	0.001
0.808	0.001	0.190	0.001
0.001	0.001	0.571	0.427
0.997	0.001	0.001	0.001
0.571	0.001	0.427	0.001
0.001	0.001	0.946	0.052
>WTTWAAAAAT	3-WTTWAAAAAT	7.772255	-4.560818	0	T:17.0(23.61%),B:847.5(13.10%),P:1e-1	Tpos:31.0,Tstd:12.9,Bpos:27.1,Bstd:14.6,StrandBias:10.0,Multiplicity:1.65
0.443	0.001	0.256	0.300
0.131	0.001	0.290	0.578
0.051	0.001	0.209	0.739
0.414	0.034	0.110	0.442
0.601	0.004	0.363	0.032
0.632	0.001	0.137	0.230
0.919	0.001	0.055	0.025
0.980	0.001	0.001	0.018
0.566	0.001	0.061	0.372
0.210	0.064	0.090	0.636
>AACATTTTTA	4-AACATTTTTA	10.296193	-3.816226	0	T:1.0(1.39%),B:2.3(0.04%),P:1e-1	Tpos:5.0,Tstd:0.0,Bpos:27.9,Bstd:6.0,StrandBias:10.0,Multiplicity:1.00
0.700	0.100	0.100	0.100
0.700	0.100	0.100	0.100
0.100	0.700	0.100	0.100
0.700	0.100	0.100	0.100
0.100	0.100	0.100	0.700
0.100	0.100	0.100	0.700
0.100	0.100	0.100	0.700
0.100	0.100	0.100	0.700
0.100	0.100	0.100	0.700
0.700	0.100	0.100	0.100
>AGGCATAGTT	5-AGGCATAGTT	10.296193	-3.816226	0	T:1.0(1.39%),B:2.6(0.04%),P:1e-1	Tpos:23.0,Tstd:0.0,Bpos:24.8,Bstd:7.6,StrandBias:10.0,Multiplicity:1.00
0.700	0.100	0.100	0.100
0.100	0.100	0.700	0.100
0.100	0.100	0.700	0.100
0.100	0.700	0.100	0.100
0.700	0.100	0.100	0.100
0.100	0.100	0.100	0.700
0.700	0.100	0.100	0.100
0.100	0.100	0.700	0.100
0.100	0.100	0.100	0.700
0.100	0.100	0.100	0.700
>TTAMGA	1-TTAMGA	4.151006	-9.439379	0	T:24.0(33.33%),B:969.0(14.97%),P:1e-4	Tpos:24.2,Tstd:13.9,Bpos:25.9,Bstd:19.0,StrandBias:10.0,Multiplicity:1.17
0.070	0.029	0.001	0.900
0.020	0.110	0.001	0.869
0.945	0.001	0.001	0.053
0.493	0.373	0.133	0.001
0.001	0.178	0.820	0.001
0.886	0.001	0.112	0.001
>AATTTG	2-AATTTG	7.515671	-7.948521	0	T:16.0(22.22%),B:558.4(8.63%),P:1e-3	Tpos:31.5,Tstd:10.0,Bpos:27.4,Bstd:18.8,StrandBias:10.0,Multiplicity:1.00
0.997	0.001	0.001	0.001
0.997	0.001	0.001	0.001
0.001	0.001	0.001	0.997
0.200	0.055	0.001	0.744
0.299	0.001	0.001	0.699
0.109	0.020	0.870	0.001
>TTGAAA	3-TTGAAA	6.177716	-5.358243	0	T:13.0(18.06%),B:522.0(8.07%),P:1e-2	Tpos:25.7,Tstd:9.1,Bpos:25.5,Bstd:17.9,StrandBias:10.0,Multiplicity:1.69
0.100	0.100	0.100	0.700
0.100	0.100	0.100	0.700
0.100	0.100	0.700	0.100
0.700	0.100	0.100	0.100
0.700	0.100	0.100	0.100
0.700	0.100	0.100	0.100
>CATTGG	4-CATTGG	6.177716	-4.503901	0	T:1.0(1.39%),B:1.8(0.03%),P:1e-1	Tpos:7.0,Tstd:0.0,Bpos:32.3,Bstd:9.5,StrandBias:10.0,Multiplicity:1.00
0.100	0.700	0.100	0.100
0.700	0.100	0.100	0.100
0.100	0.100	0.100	0.700
0.100	0.100	0.100	0.700
0.100	0.100	0.700	0.100
0.100	0.100	0.700	0.100
>AATTAG	5-AATTAG	6.177716	-3.196835	0	T:9.0(12.50%),B:416.0(6.43%),P:1e-1	Tpos:27.7,Tstd:19.4,Bpos:27.7,Bstd:19.5,StrandBias:10.0,Multiplicity:1.33
0.700	0.100	0.100	0.100
0.700	0.100	0.100	0.100
0.100	0.100	0.100	0.700
0.100	0.100	0.100	0.700
0.700	0.100	0.100	0.100
0.100	0.100	0.700	0.100
>CHKTYTTA	1-CHKTYTTA	6.150416	-15.128848	0	T:13.0(18.06%),B:198.9(3.07%),P:1e-6	Tpos:17.8,Tstd:10.2,Bpos:25.1,Bstd:13.9,StrandBias:10.0,Multiplicity:1.00
0.001	0.997	0.001	0.001
0.325	0.349	0.001	0.325
0.001	0.001	0.459	0.539
0.001	0.308	0.001	0.690
0.001	0.502	0.001	0.496
0.132	0.001	0.001	0.866
0.393	0.001	0.001	0.605
0.725	0.001	0.273	0.001
>TAGTTTAG	2-TAGTTTAG	6.673760	-14.535630	0	T:20.0(27.78%),B:511.8(7.91%),P:1e-6	Tpos:24.1,Tstd:12.8,Bpos:26.5,Bstd:17.3,StrandBias:10.0,Multiplicity:1.33
0.001	0.001	0.001	0.997
0.960	0.038	0.001	0.001
0.174	0.015	0.728	0.083
0.136	0.001	0.239	0.624
0.001	0.001	0.048	0.950
0.001	0.001	0.001	0.997
0.997	0.001	0.001	0.001
0.045	0.001	0.743	0.211
>ATTGAGGA	3-ATTGAGGA	5.851121	-10.079373	0	T:15.0(20.83%),B:413.5(6.39%),P:1e-4	Tpos:29.2,Tstd:11.6,Bpos:25.6,Bstd:19.0,StrandBias:10.0,Multiplicity:1.07
0.997	0.001	0.001	0.001
0.001	0.001	0.001	0.997
0.001	0.001	0.001	0.997
0.037	0.001	0.961	0.001
0.997	0.001	0.001	0.001
0.231	0.001	0.767	0.001
0.368	0.001	0.630	0.001
0.997	0.001	0.001	0.001
>TTTGAAAA	4-TTTGAAAA	9.054830	-8.311920	0	T:11.0(15.28%),B:278.6(4.30%),P:1e-3	Tpos:21.3,Tstd:8.4,Bpos:24.9,Bstd:17.9,StrandBias:10.0,Multiplicity:1.00
0.194	0.001	0.235	0.570
0.001	0.001	0.001	0.997
0.001	0.001	0.001	0.997
0.001	0.048	0.950	0.001
0.761	0.001	0.001	0.237
0.834	0.138	0.001	0.027
0.961	0.001	0.001	0.037
0.965	0.001	0.001	0.033
>ATTGCTAA	5-ATTGCTAA	8.353930	-7.937370	0	T:13.0(18.06%),B:392.4(6.06%),P:1e-3	Tpos:26.8,Tstd:13.7,Bpos:26.9,Bstd:18.5,StrandBias:10.0,Multiplicity:1.46
0.848	0.001	0.001	0.150
0.001	0.001	0.001	0.997
0.001	0.001	0.001	0.997
0.221	0.001	0.475	0.302
0.001	0.696	0.302	0.001
0.001	0.001	0.001	0.997
0.848	0.001	0.001	0.150
0.997	0.001	0.001	0.001
