>CHKTYTTA	1-CHKTYTTA	6.150416	-15.128848	0	T:13.0(18.06%),B:198.9(3.07%),P:1e-6	Tpos:17.8,Tstd:10.2,Bpos:25.1,Bstd:13.9,StrandBias:10.0,Multiplicity:1.00
0.001	0.997	0.001	0.001
0.325	0.349	0.001	0.325
0.001	0.001	0.459	0.539
0.001	0.308	0.001	0.690
0.001	0.502	0.001	0.496
0.132	0.001	0.001	0.866
0.393	0.001	0.001	0.605
0.725	0.001	0.273	0.001
>TAGTTTAG	2-TAGTTTAG	6.673760	-14.535630	0	T:20.0(27.78%),B:511.8(7.91%),P:1e-6	Tpos:24.1,Tstd:12.8,Bpos:26.5,Bstd:17.3,StrandBias:10.0,Multiplicity:1.33
0.001	0.001	0.001	0.997
0.960	0.038	0.001	0.001
0.174	0.015	0.728	0.083
0.136	0.001	0.239	0.624
0.001	0.001	0.048	0.950
0.001	0.001	0.001	0.997
0.997	0.001	0.001	0.001
0.045	0.001	0.743	0.211
>ATTGAGGA	3-ATTGAGGA	5.851121	-10.079373	0	T:15.0(20.83%),B:413.5(6.39%),P:1e-4	Tpos:29.2,Tstd:11.6,Bpos:25.6,Bstd:19.0,StrandBias:10.0,Multiplicity:1.07
0.997	0.001	0.001	0.001
0.001	0.001	0.001	0.997
0.001	0.001	0.001	0.997
0.037	0.001	0.961	0.001
0.997	0.001	0.001	0.001
0.231	0.001	0.767	0.001
0.368	0.001	0.630	0.001
0.997	0.001	0.001	0.001
>TTTGAAAA	4-TTTGAAAA	9.054830	-8.311920	0	T:11.0(15.28%),B:278.6(4.30%),P:1e-3	Tpos:21.3,Tstd:8.4,Bpos:24.9,Bstd:17.9,StrandBias:10.0,Multiplicity:1.00
0.194	0.001	0.235	0.570
0.001	0.001	0.001	0.997
0.001	0.001	0.001	0.997
0.001	0.048	0.950	0.001
0.761	0.001	0.001	0.237
0.834	0.138	0.001	0.027
0.961	0.001	0.001	0.037
0.965	0.001	0.001	0.033
>ATTGCTAA	5-ATTGCTAA	8.353930	-7.937370	0	T:13.0(18.06%),B:392.4(6.06%),P:1e-3	Tpos:26.8,Tstd:13.7,Bpos:26.9,Bstd:18.5,StrandBias:10.0,Multiplicity:1.46
0.848	0.001	0.001	0.150
0.001	0.001	0.001	0.997
0.001	0.001	0.001	0.997
0.221	0.001	0.475	0.302
0.001	0.696	0.302	0.001
0.001	0.001	0.001	0.997
0.848	0.001	0.001	0.150
0.997	0.001	0.001	0.001
