>TTGAGGAATT	1-TTGAGGAATT	5.907717	-14.215084	0	T:19.0(36.54%),B:673.7(10.57%),P:1e-6	Tpos:26.4,Tstd:9.6,Bpos:26.7,Bstd:20.2,StrandBias:10.0,Multiplicity:1.53
0.001	0.001	0.001	0.997
0.001	0.001	0.001	0.997
0.147	0.001	0.830	0.022
0.997	0.001	0.001	0.001
0.085	0.001	0.763	0.151
0.236	0.001	0.762	0.001
0.845	0.001	0.001	0.153
0.997	0.001	0.001	0.001
0.043	0.001	0.001	0.955
0.001	0.001	0.001	0.997
>AATTAAGARG	2-AATTAAGARG	7.317893	-10.830869	0	T:10.0(19.23%),B:238.1(3.74%),P:1e-4	Tpos:18.4,Tstd:14.3,Bpos:24.7,Bstd:21.3,StrandBias:10.0,Multiplicity:1.00
0.784	0.001	0.001	0.214
0.685	0.001	0.001	0.313
0.001	0.001	0.001	0.997
0.001	0.056	0.001	0.942
0.997	0.001	0.001	0.001
0.712	0.001	0.286	0.001
0.001	0.001	0.696	0.302
0.997	0.001	0.001	0.001
0.452	0.001	0.546	0.001
0.001	0.001	0.971	0.027
>TDTAAATTAG	3-TDTAAATTAG	9.445814	-9.478301	0	T:9.0(17.31%),B:224.6(3.53%),P:1e-4	Tpos:35.3,Tstd:13.4,Bpos:30.2,Bstd:17.0,StrandBias:10.0,Multiplicity:1.00
0.076	0.001	0.051	0.872
0.322	0.020	0.317	0.341
0.141	0.001	0.001	0.857
0.829	0.001	0.057	0.113
0.695	0.001	0.202	0.102
0.792	0.001	0.003	0.204
0.210	0.001	0.001	0.788
0.226	0.001	0.067	0.706
0.672	0.001	0.001	0.326
0.106	0.096	0.504	0.294
>TTARAWATGG	4-TTARAWATGG	9.710608	-7.085923	0	T:10.0(19.23%),B:377.1(5.92%),P:1e-3	Tpos:19.0,Tstd:6.9,Bpos:26.2,Bstd:23.1,StrandBias:10.0,Multiplicity:1.10
0.310	0.101	0.001	0.588
0.001	0.001	0.001	0.997
0.997	0.001	0.001	0.001
0.492	0.001	0.506	0.001
0.997	0.001	0.001	0.001
0.506	0.001	0.001	0.492
0.997	0.001	0.001	0.001
0.001	0.001	0.001	0.997
0.001	0.001	0.997	0.001
0.001	0.001	0.655	0.343
>TAAAATTTGT	5-TAAAATTTGT	10.296193	-4.123272	0	T:1.0(1.92%),B:2.9(0.05%),P:1e-1	Tpos:13.0,Tstd:0.0,Bpos:25.9,Bstd:12.9,StrandBias:10.0,Multiplicity:1.00
0.100	0.100	0.100	0.700
0.700	0.100	0.100	0.100
0.700	0.100	0.100	0.100
0.700	0.100	0.100	0.100
0.700	0.100	0.100	0.100
0.100	0.100	0.100	0.700
0.100	0.100	0.100	0.700
0.100	0.100	0.100	0.700
0.100	0.100	0.700	0.100
0.100	0.100	0.100	0.700
