>TTGAGGAATT	1-TTGAGGAATT	5.907717	-14.215084	0	T:19.0(36.54%),B:673.7(10.57%),P:1e-6	Tpos:26.4,Tstd:9.6,Bpos:26.7,Bstd:20.2,StrandBias:10.0,Multiplicity:1.53
0.001	0.001	0.001	0.997
0.001	0.001	0.001	0.997
0.147	0.001	0.830	0.022
0.997	0.001	0.001	0.001
0.085	0.001	0.763	0.151
0.236	0.001	0.762	0.001
0.845	0.001	0.001	0.153
0.997	0.001	0.001	0.001
0.043	0.001	0.001	0.955
0.001	0.001	0.001	0.997
>AATTAAGARG	2-AATTAAGARG	7.317893	-10.830869	0	T:10.0(19.23%),B:238.1(3.74%),P:1e-4	Tpos:18.4,Tstd:14.3,Bpos:24.7,Bstd:21.3,StrandBias:10.0,Multiplicity:1.00
0.784	0.001	0.001	0.214
0.685	0.001	0.001	0.313
0.001	0.001	0.001	0.997
0.001	0.056	0.001	0.942
0.997	0.001	0.001	0.001
0.712	0.001	0.286	0.001
0.001	0.001	0.696	0.302
0.997	0.001	0.001	0.001
0.452	0.001	0.546	0.001
0.001	0.001	0.971	0.027
>TDTAAATTAG	3-TDTAAATTAG	9.445814	-9.478301	0	T:9.0(17.31%),B:224.6(3.53%),P:1e-4	Tpos:35.3,Tstd:13.4,Bpos:30.2,Bstd:17.0,StrandBias:10.0,Multiplicity:1.00
0.076	0.001	0.051	0.872
0.322	0.020	0.317	0.341
0.141	0.001	0.001	0.857
0.829	0.001	0.057	0.113
0.695	0.001	0.202	0.102
0.792	0.001	0.003	0.204
0.210	0.001	0.001	0.788
0.226	0.001	0.067	0.706
0.672	0.001	0.001	0.326
0.106	0.096	0.504	0.294
>TTARAWATGG	4-TTARAWATGG	9.710608	-7.085923	0	T:10.0(19.23%),B:377.1(5.92%),P:1e-3	Tpos:19.0,Tstd:6.9,Bpos:26.2,Bstd:23.1,StrandBias:10.0,Multiplicity:1.10
0.310	0.101	0.001	0.588
0.001	0.001	0.001	0.997
0.997	0.001	0.001	0.001
0.492	0.001	0.506	0.001
0.997	0.001	0.001	0.001
0.506	0.001	0.001	0.492
0.997	0.001	0.001	0.001
0.001	0.001	0.001	0.997
0.001	0.001	0.997	0.001
0.001	0.001	0.655	0.343
>TAAAATTTGT	5-TAAAATTTGT	10.296193	-4.123272	0	T:1.0(1.92%),B:2.9(0.05%),P:1e-1	Tpos:13.0,Tstd:0.0,Bpos:25.9,Bstd:12.9,StrandBias:10.0,Multiplicity:1.00
0.100	0.100	0.100	0.700
0.700	0.100	0.100	0.100
0.700	0.100	0.100	0.100
0.700	0.100	0.100	0.100
0.700	0.100	0.100	0.100
0.100	0.100	0.100	0.700
0.100	0.100	0.100	0.700
0.100	0.100	0.100	0.700
0.100	0.100	0.700	0.100
0.100	0.100	0.100	0.700
>CTAAGA	1-CTAAGA	5.322302	-11.046774	0	T:18.0(34.62%),B:754.8(11.84%),P:1e-4	Tpos:25.2,Tstd:14.9,Bpos:26.6,Bstd:22.9,StrandBias:10.0,Multiplicity:1.06
0.103	0.581	0.001	0.315
0.001	0.001	0.001	0.997
0.997	0.001	0.001	0.001
0.694	0.302	0.003	0.001
0.001	0.165	0.706	0.128
0.997	0.001	0.001	0.001
>AGGGAC	2-AGGGAC	4.887993	-8.655703	0	T:10.0(19.23%),B:309.7(4.86%),P:1e-3	Tpos:20.2,Tstd:13.6,Bpos:23.5,Bstd:27.5,StrandBias:10.0,Multiplicity:1.20
0.997	0.001	0.001	0.001
0.233	0.147	0.619	0.001
0.001	0.001	0.997	0.001
0.083	0.001	0.915	0.001
0.787	0.001	0.001	0.211
0.001	0.806	0.119	0.074
>AATTTG	3-AATTTG	7.510004	-7.243874	0	T:14.0(26.92%),B:668.9(10.50%),P:1e-3	Tpos:33.0,Tstd:9.9,Bpos:27.4,Bstd:21.6,StrandBias:10.0,Multiplicity:1.00
0.997	0.001	0.001	0.001
0.997	0.001	0.001	0.001
0.001	0.001	0.001	0.997
0.210	0.084	0.001	0.705
0.215	0.001	0.001	0.783
0.183	0.001	0.815	0.001
>TTGAAA	4-TTGAAA	6.177716	-5.610943	0	T:13.0(25.00%),B:705.9(11.08%),P:1e-2	Tpos:25.7,Tstd:9.1,Bpos:25.9,Bstd:21.9,StrandBias:10.0,Multiplicity:1.69
0.100	0.100	0.100	0.700
0.100	0.100	0.100	0.700
0.100	0.100	0.700	0.100
0.700	0.100	0.100	0.100
0.700	0.100	0.100	0.100
0.700	0.100	0.100	0.100
>GTAGGC	5-GTAGGC	6.177716	-4.123272	0	T:1.0(1.92%),B:2.6(0.04%),P:1e-1	Tpos:19.0,Tstd:0.0,Bpos:27.2,Bstd:8.1,StrandBias:10.0,Multiplicity:1.00
0.100	0.100	0.700	0.100
0.100	0.100	0.100	0.700
0.700	0.100	0.100	0.100
0.100	0.100	0.700	0.100
0.100	0.100	0.700	0.100
0.100	0.700	0.100	0.100
>TAGGATAA	1-TAGGATAA	5.369680	-11.335172	0	T:19.0(36.54%),B:816.0(12.80%),P:1e-4	Tpos:26.7,Tstd:14.1,Bpos:27.2,Bstd:19.6,StrandBias:10.0,Multiplicity:1.16
0.133	0.001	0.094	0.772
0.847	0.068	0.001	0.084
0.140	0.047	0.696	0.117
0.099	0.134	0.685	0.082
0.753	0.001	0.001	0.245
0.061	0.050	0.056	0.833
0.755	0.192	0.030	0.023
0.688	0.089	0.042	0.181
>ATTRARGA	2-ATTRARGA	8.315106	-9.522692	0	T:13.0(25.00%),B:468.0(7.34%),P:1e-4	Tpos:29.5,Tstd:10.3,Bpos:26.1,Bstd:22.4,StrandBias:10.0,Multiplicity:1.00
0.997	0.001	0.001	0.001
0.001	0.001	0.001	0.997
0.001	0.001	0.001	0.997
0.425	0.001	0.573	0.001
0.997	0.001	0.001	0.001
0.464	0.001	0.534	0.001
0.238	0.001	0.760	0.001
0.997	0.001	0.001	0.001
>TTTGAAAA	3-TTTGAAAA	8.791259	-8.793166	0	T:13.0(25.00%),B:502.2(7.88%),P:1e-3	Tpos:21.4,Tstd:7.9,Bpos:26.2,Bstd:21.1,StrandBias:10.0,Multiplicity:1.00
0.179	0.001	0.215	0.605
0.001	0.001	0.001	0.997
0.001	0.001	0.001	0.997
0.001	0.001	0.593	0.405
0.799	0.001	0.001	0.199
0.997	0.001	0.001	0.001
0.997	0.001	0.001	0.001
0.997	0.001	0.001	0.001
>ATTDGWAA	4-ATTDGWAA	6.801885	-5.846641	0	T:12.0(23.08%),B:603.8(9.47%),P:1e-2	Tpos:28.3,Tstd:15.7,Bpos:27.3,Bstd:23.3,StrandBias:10.0,Multiplicity:1.33
0.756	0.001	0.083	0.160
0.078	0.001	0.050	0.871
0.055	0.050	0.001	0.894
0.310	0.078	0.346	0.266
0.323	0.001	0.583	0.093
0.425	0.001	0.227	0.347
0.612	0.001	0.078	0.309
0.708	0.001	0.068	0.223
>TTTTAAGG	5-TTTTAAGG	8.236954	-4.812424	0	T:1.0(1.92%),B:1.8(0.03%),P:1e-2	Tpos:9.0,Tstd:0.0,Bpos:25.3,Bstd:5.8,StrandBias:10.0,Multiplicity:1.00
0.100	0.100	0.100	0.700
0.100	0.100	0.100	0.700
0.100	0.100	0.100	0.700
0.100	0.100	0.100	0.700
0.700	0.100	0.100	0.100
0.700	0.100	0.100	0.100
0.100	0.100	0.700	0.100
0.100	0.100	0.700	0.100
